2019 5  28 21 29 48 |34.000000 37.843365 |58.000000 22.303517 |43.600000 
2019 5  28 21 29 49 |34.000000 37.847693 |58.000000 22.310842 |32.600000 
2019 5  28 21 29 50 |34.000000 37.850327 |58.000000 22.316112 |25.500000 
2019 5  28 21 29 51 |34.000000 37.852133 |58.000000 22.320239 |16.600000 
2019 5  28 21 29 52 |34.000000 37.853489 |58.000000 22.324068 |11.800000 
2019 5  28 21 29 53 |34.000000 37.854090 |58.000000 22.324500 |12.600000 
2019 5  28 21 29 54 |34.000000 37.854755 |58.000000 22.322733 |17.700000 
2019 5  28 21 29 55 |34.000000 37.855914 |58.000000 22.323074 |17.500000 
2019 5  28 21 29 56 |34.000000 37.856637 |58.000000 22.322333 |20.100000 
2019 5  28 21 29 57 |34.000000 37.855699 |58.000000 22.322766 |21.900000 
2019 5  28 21 29 58 |34.000000 37.857084 |58.000000 22.322928 |22.200000 
2019 5  28 21 29 59 |34.000000 37.858537 |58.000000 22.323211 |22.500000 
2019 5  28 21 30 0 |34.000000 37.859933 |58.000000 22.324000 |20.200000 
2019 5  28 21 30 1 |34.000000 37.860761 |58.000000 22.324487 |21.000000 
2019 5  28 21 30 2 |34.000000 37.861402 |58.000000 22.325137 |20.600000 
2019 5  28 21 30 3 |34.000000 37.862647 |58.000000 22.326920 |19.200000 
2019 5  28 21 30 4 |34.000000 37.863775 |58.000000 22.327890 |18.300000 
2019 5  28 21 30 5 |34.000000 37.864110 |58.000000 22.327856 |17.200000 
2019 5  28 21 30 6 |34.000000 37.864260 |58.000000 22.329072 |16.800000 
2019 5  28 21 30 7 |34.000000 37.864901 |58.000000 22.329797 |16.100000 
2019 5  28 21 30 8 |34.000000 37.865518 |58.000000 22.330958 |14.900000 
2019 5  28 21 30 9 |34.000000 37.866372 |58.000000 22.331641 |14.200000 
2019 5  28 21 30 10 |34.000000 37.867172 |58.000000 22.332311 |13.800000 
2019 5  28 21 30 11 |34.000000 37.867864 |58.000000 22.333327 |14.100000 
2019 5  28 21 30 12 |34.000000 37.868997 |58.000000 22.332757 |14.100000 
2019 5  28 21 30 13 |34.000000 37.869008 |58.000000 22.333045 |14.700000 
2019 5  28 21 30 14 |34.000000 37.869310 |58.000000 22.333737 |16.300000 
2019 5  28 21 30 15 |34.000000 37.869685 |58.000000 22.334642 |16.600000 
2019 5  28 21 30 16 |34.000000 37.870286 |58.000000 22.335977 |15.900000 
2019 5  28 21 30 17 |34.000000 37.871349 |58.000000 22.335447 |15.600000 
2019 5  28 21 30 18 |34.000000 37.872198 |58.000000 22.335908 |15.600000 
2019 5  28 21 30 19 |34.000000 37.873145 |58.000000 22.335912 |15.400000 
2019 5  28 21 30 20 |34.000000 37.873988 |58.000000 22.337513 |15.200000 
2019 5  28 21 30 21 |34.000000 37.874896 |58.000000 22.339446 |14.300000 
2019 5  28 21 30 22 |34.000000 37.875945 |58.000000 22.340124 |14.100000 
2019 5  28 21 30 23 |34.000000 37.876776 |58.000000 22.340683 |13.700000 
2019 5  28 21 30 24 |34.000000 37.878120 |58.000000 22.340736 |14.400000 
2019 5  28 21 30 25 |34.000000 37.878577 |58.000000 22.340242 |14.200000 
2019 5  28 21 30 26 |34.000000 37.879090 |58.000000 22.341032 |13.400000 
2019 5  28 21 30 27 |34.000000 37.880308 |58.000000 22.341555 |13.500000 
2019 5  28 21 30 28 |34.000000 37.881184 |58.000000 22.341979 |13.200000 
2019 5  28 21 30 29 |34.000000 37.881953 |58.000000 22.342232 |13.000000 
2019 5  28 21 30 30 |34.000000 37.882170 |58.000000 22.342154 |12.300000 
2019 5  28 21 30 31 |34.000000 37.882984 |58.000000 22.342773 |12.700000 
2019 5  28 21 30 32 |34.000000 37.884106 |58.000000 22.345231 |12.400000 
2019 5  28 21 30 33 |34.000000 37.884809 |58.000000 22.346668 |12.500000 
2019 5  28 21 30 34 |34.000000 37.886137 |58.000000 22.348737 |12.800000 
2019 5  28 21 30 35 |34.000000 37.885932 |58.000000 22.353113 |9.100000 
2019 5  28 21 30 36 |34.000000 37.886820 |58.000000 22.355372 |7.700000 
2019 5  28 21 30 37 |34.000000 37.886901 |58.000000 22.356705 |7.200000 
2019 5  28 21 30 38 |34.000000 37.888292 |58.000000 22.357912 |7.000000 
2019 5  28 21 30 39 |34.000000 37.886402 |58.000000 22.359714 |9.600000 
2019 5  28 21 30 40 |34.000000 37.886198 |58.000000 22.360897 |11.300000 
2019 5  28 21 30 41 |34.000000 37.886227 |58.000000 22.362202 |10.900000 
2019 5  28 21 30 42 |34.000000 37.885640 |58.000000 22.363641 |12.800000 
2019 5  28 21 30 43 |34.000000 37.885111 |58.000000 22.364510 |14.100000 
2019 5  28 21 30 44 |34.000000 37.884490 |58.000000 22.365232 |14.600000 
2019 5  28 21 30 45 |34.000000 37.883561 |58.000000 22.366432 |15.100000 
2019 5  28 21 30 46 |34.000000 37.883711 |58.000000 22.367303 |14.800000 
2019 5  28 21 30 47 |34.000000 37.883523 |58.000000 22.368698 |11.500000 
2019 5  28 21 30 48 |34.000000 37.883334 |58.000000 22.370006 |10.800000 
2019 5  28 21 30 49 |34.000000 37.882813 |58.000000 22.373311 |7.200000 
2019 5  28 21 30 50 |34.000000 37.882845 |58.000000 22.374848 |7.200000 
2019 5  28 21 30 51 |34.000000 37.882014 |58.000000 22.375489 |8.700000 
2019 5  28 21 30 52 |34.000000 37.880934 |58.000000 22.376409 |11.400000 
2019 5  28 21 30 53 |34.000000 37.880288 |58.000000 22.378278 |9.600000 
2019 5  28 21 30 54 |34.000000 37.878685 |58.000000 22.380719 |10.100000 
2019 5  28 21 30 55 |34.000000 37.877751 |58.000000 22.382364 |10.900000 
2019 5  28 21 30 56 |34.000000 37.876611 |58.000000 22.383021 |12.300000 
2019 5  28 21 30 57 |34.000000 37.876153 |58.000000 22.382666 |14.100000 
2019 5  28 21 30 58 |34.000000 37.876602 |58.000000 22.384072 |15.000000 
2019 5  28 21 30 59 |34.000000 37.877044 |58.000000 22.386502 |10.500000 
2019 5  28 21 31 0 |34.000000 37.877649 |58.000000 22.388134 |8.900000 
2019 5  28 21 31 1 |34.000000 37.876557 |58.000000 22.388228 |7.800000 
2019 5  28 21 31 2 |34.000000 37.876092 |58.000000 22.388695 |6.800000 
2019 5  28 21 31 3 |34.000000 37.875691 |58.000000 22.390278 |6.400000 
2019 5  28 21 31 4 |34.000000 37.874845 |58.000000 22.391102 |6.100000 
2019 5  28 21 31 5 |34.000000 37.874527 |58.000000 22.391444 |4.900000 
2019 5  28 21 31 6 |34.000000 37.873915 |58.000000 22.392062 |4.000000 
2019 5  28 21 31 7 |34.000000 37.873009 |58.000000 22.393534 |2.800000 
2019 5  28 21 31 8 |34.000000 37.872383 |58.000000 22.394231 |1.800000 
2019 5  28 21 31 9 |34.000000 37.871738 |58.000000 22.394848 |1.800000 
2019 5  28 21 31 10 |34.000000 37.871967 |58.000000 22.395051 |1.100000 
2019 5  28 21 31 11 |34.000000 37.870610 |58.000000 22.396682 |-0.200000 
2019 5  28 21 31 12 |34.000000 37.870141 |58.000000 22.396940 |-1.600000 
2019 5  28 21 31 13 |34.000000 37.870451 |58.000000 22.397134 |-1.900000 
2019 5  28 21 31 14 |34.000000 37.870336 |58.000000 22.397142 |-1.900000 
2019 5  28 21 31 15 |34.000000 37.869501 |58.000000 22.397870 |-2.600000 
2019 5  28 21 31 16 |34.000000 37.867652 |58.000000 22.398861 |-2.200000 
2019 5  28 21 31 17 |34.000000 37.866657 |58.000000 22.399655 |-2.700000 
2019 5  28 21 31 18 |34.000000 37.867432 |58.000000 22.400283 |-4.100000 
2019 5  28 21 31 19 |34.000000 37.866042 |58.000000 22.400727 |-2.700000 
2019 5  28 21 31 20 |34.000000 37.864373 |58.000000 22.401795 |-0.300000 
2019 5  28 21 31 21 |34.000000 37.862098 |58.000000 22.402064 |1.900000 
2019 5  28 21 31 22 |34.000000 37.860268 |58.000000 22.401956 |2.800000 
2019 5  28 21 31 23 |34.000000 37.858732 |58.000000 22.401388 |3.200000 
2019 5  28 21 31 24 |34.000000 37.857390 |58.000000 22.401005 |3.300000 
2019 5  28 21 31 25 |34.000000 37.855903 |58.000000 22.400561 |3.400000 
2019 5  28 21 31 26 |34.000000 37.855278 |58.000000 22.399032 |2.900000 
2019 5  28 21 31 27 |34.000000 37.854179 |58.000000 22.398016 |2.400000 
2019 5  28 21 31 28 |34.000000 37.853265 |58.000000 22.396884 |1.800000 
2019 5  28 21 31 29 |34.000000 37.852172 |58.000000 22.396287 |2.100000 
2019 5  28 21 31 30 |34.000000 37.851394 |58.000000 22.395455 |2.300000 
2019 5  28 21 31 31 |34.000000 37.850575 |58.000000 22.394602 |2.700000 
2019 5  28 21 31 32 |34.000000 37.849830 |58.000000 22.394386 |3.500000 
2019 5  28 21 31 33 |34.000000 37.848879 |58.000000 22.393811 |5.000000 
2019 5  28 21 31 34 |34.000000 37.847761 |58.000000 22.393067 |5.200000 
