2019 5  27 21 14 47 |34.000000 37.835521 |58.000000 22.403242 |17.700000 
2019 5  27 21 14 48 |34.000000 37.837772 |58.000000 22.391915 |5.500000 
2019 5  27 21 14 49 |34.000000 37.837163 |58.000000 22.392834 |3.800000 
2019 5  27 21 14 50 |34.000000 37.836751 |58.000000 22.392113 |5.000000 
2019 5  27 21 14 51 |34.000000 37.835735 |58.000000 22.391892 |6.400000 
2019 5  27 21 14 52 |34.000000 37.835370 |58.000000 22.390773 |9.000000 
2019 5  27 21 14 53 |34.000000 37.834453 |58.000000 22.391315 |7.500000 
2019 5  27 21 14 54 |34.000000 37.834058 |58.000000 22.390139 |8.300000 
2019 5  27 21 14 55 |34.000000 37.833346 |58.000000 22.388798 |8.800000 
2019 5  27 21 14 56 |34.000000 37.832764 |58.000000 22.388066 |8.700000 
2019 5  27 21 14 57 |34.000000 37.831057 |58.000000 22.387065 |8.900000 
2019 5  27 21 14 58 |34.000000 37.830194 |58.000000 22.386583 |9.400000 
2019 5  27 21 14 59 |34.000000 37.830068 |58.000000 22.385824 |9.300000 
2019 5  27 21 15 0 |34.000000 37.829798 |58.000000 22.385074 |9.700000 
2019 5  27 21 15 1 |34.000000 37.829083 |58.000000 22.383613 |8.800000 
2019 5  27 21 15 2 |34.000000 37.827777 |58.000000 22.382493 |9.900000 
2019 5  27 21 15 3 |34.000000 37.827069 |58.000000 22.382111 |10.800000 
2019 5  27 21 15 4 |34.000000 37.826323 |58.000000 22.381977 |11.700000 
2019 5  27 21 15 5 |34.000000 37.825335 |58.000000 22.381969 |11.200000 
2019 5  27 21 15 6 |34.000000 37.824622 |58.000000 22.380659 |10.900000 
2019 5  27 21 15 7 |34.000000 37.824008 |58.000000 22.380042 |10.600000 
2019 5  27 21 15 8 |34.000000 37.823368 |58.000000 22.379543 |9.200000 
2019 5  27 21 15 9 |34.000000 37.821954 |58.000000 22.378794 |10.600000 
2019 5  27 21 15 10 |34.000000 37.821218 |58.000000 22.378132 |9.100000 
2019 5  27 21 15 11 |34.000000 37.820526 |58.000000 22.377524 |8.200000 
2019 5  27 21 15 12 |34.000000 37.819521 |58.000000 22.376822 |7.500000 
2019 5  27 21 15 13 |34.000000 37.818945 |58.000000 22.375521 |6.800000 
2019 5  27 21 15 14 |34.000000 37.818167 |58.000000 22.373567 |4.500000 
2019 5  27 21 15 15 |34.000000 37.817909 |58.000000 22.372277 |3.800000 
2019 5  27 21 15 16 |34.000000 37.817802 |58.000000 22.371015 |3.200000 
2019 5  27 21 15 17 |34.000000 37.817802 |58.000000 22.369900 |2.900000 
2019 5  27 21 15 18 |34.000000 37.817846 |58.000000 22.368279 |3.400000 
2019 5  27 21 15 19 |34.000000 37.817672 |58.000000 22.367011 |3.300000 
2019 5  27 21 15 20 |34.000000 37.818117 |58.000000 22.365964 |2.900000 
2019 5  27 21 15 21 |34.000000 37.818421 |58.000000 22.364708 |2.800000 
2019 5  27 21 15 22 |34.000000 37.819148 |58.000000 22.363400 |3.000000 
2019 5  27 21 15 23 |34.000000 37.819129 |58.000000 22.363032 |3.400000 
2019 5  27 21 15 24 |34.000000 37.819204 |58.000000 22.362941 |3.300000 
2019 5  27 21 15 25 |34.000000 37.819397 |58.000000 22.362704 |3.400000 
2019 5  27 21 15 26 |34.000000 37.819217 |58.000000 22.362457 |3.400000 
2019 5  27 21 15 27 |34.000000 37.819378 |58.000000 22.362375 |3.700000 
2019 5  27 21 15 28 |34.000000 37.819927 |58.000000 22.360180 |3.200000 
2019 5  27 21 15 29 |34.000000 37.820398 |58.000000 22.357902 |2.900000 
2019 5  27 21 15 30 |34.000000 37.826270 |58.000000 22.358290 |0.400000 
2019 5  27 21 15 31 |34.000000 37.825584 |58.000000 22.356983 |0.300000 
2019 5  27 21 15 32 |34.000000 37.826338 |58.000000 22.355880 |-0.000000 
2019 5  27 21 15 33 |34.000000 37.826597 |58.000000 22.355333 |-1.500000 
2019 5  27 21 15 34 |34.000000 37.827637 |58.000000 22.353294 |-1.700000 
2019 5  27 21 15 35 |34.000000 37.828700 |58.000000 22.351391 |-2.000000 
2019 5  27 21 15 36 |34.000000 37.828863 |58.000000 22.349736 |-1.200000 
2019 5  27 21 15 37 |34.000000 37.828468 |58.000000 22.348193 |-2.500000 
2019 5  27 21 15 38 |34.000000 37.829283 |58.000000 22.347571 |-3.200000 
2019 5  27 21 15 39 |34.000000 37.829664 |58.000000 22.346320 |-3.300000 
2019 5  27 21 15 40 |34.000000 37.830153 |58.000000 22.345877 |-3.500000 
2019 5  27 21 15 41 |34.000000 37.830678 |58.000000 22.345003 |-4.200000 
2019 5  27 21 15 42 |34.000000 37.831027 |58.000000 22.344246 |-3.100000 
2019 5  27 21 15 43 |34.000000 37.831295 |58.000000 22.343426 |-2.700000 
2019 5  27 21 15 44 |34.000000 37.831863 |58.000000 22.342112 |-3.200000 
2019 5  27 21 15 45 |34.000000 37.831561 |58.000000 22.341217 |-3.600000 
2019 5  27 21 15 46 |34.000000 37.832179 |58.000000 22.340382 |-4.800000 
2019 5  27 21 15 47 |34.000000 37.832796 |58.000000 22.338597 |-5.500000 
2019 5  27 21 15 48 |34.000000 37.832507 |58.000000 22.336929 |-5.000000 
2019 5  27 21 15 49 |34.000000 37.832334 |58.000000 22.335625 |-4.800000 
2019 5  27 21 15 50 |34.000000 37.832401 |58.000000 22.334442 |-5.200000 
2019 5  27 21 15 51 |34.000000 37.833165 |58.000000 22.333403 |-4.600000 
2019 5  27 21 15 52 |34.000000 37.834052 |58.000000 22.332450 |-4.800000 
2019 5  27 21 15 53 |34.000000 37.834425 |58.000000 22.331592 |-3.500000 
2019 5  27 21 15 54 |34.000000 37.834779 |58.000000 22.330262 |-2.800000 
2019 5  27 21 15 55 |34.000000 37.835502 |58.000000 22.329502 |-2.000000 
2019 5  27 21 15 56 |34.000000 37.835801 |58.000000 22.328375 |-1.300000 
2019 5  27 21 15 57 |34.000000 37.836421 |58.000000 22.327586 |-0.400000 
2019 5  27 21 15 58 |34.000000 37.836666 |58.000000 22.326879 |0.100000 
2019 5  27 21 15 59 |34.000000 37.837319 |58.000000 22.326159 |1.300000 
2019 5  27 21 16 0 |34.000000 37.837302 |58.000000 22.324890 |2.400000 
2019 5  27 21 16 1 |34.000000 37.837800 |58.000000 22.324034 |2.600000 
2019 5  27 21 16 2 |34.000000 37.838086 |58.000000 22.323228 |5.500000 
2019 5  27 21 16 3 |34.000000 37.838909 |58.000000 22.322934 |6.800000 
2019 5  27 21 16 4 |34.000000 37.840080 |58.000000 22.322618 |7.400000 
2019 5  27 21 16 5 |34.000000 37.841118 |58.000000 22.322626 |7.400000 
2019 5  27 21 16 6 |34.000000 37.842541 |58.000000 22.323009 |8.000000 
